[header]
width=30
height=20
tilewidth=32
tileheight=32
orientation=orthogonal
background_color=0,0,0,255
hero_pos=10,4
tileset=tilesetdefs/maps_dst.txt
title=hero

[tilesets]
tileset=qrc:/automap-tiles.svg,32,32,0,0
tileset=../../../art_src/maps.png,32,32,0,0
tileset=../../../art_src/tiled_collision.png,32,32,0,0
tileset=../../../art_src/goods.png,48,48,0,0
tileset=../../../art_src/PLAYER.png,32,48,0,0

[layer]
type=background
data=
0,0,0,0,0,0,311,311,311,311,311,311,0,311,311,311,311,311,311,311,0,0,0,0,0,0,0,0,0,0,
0,0,0,0,0,0,311,311,311,311,311,311,0,311,311,311,311,311,311,311,0,0,0,0,0,0,0,0,0,0,
0,0,0,0,0,0,311,311,311,311,311,311,0,311,311,311,311,311,311,311,0,0,0,0,0,0,0,0,0,0,
0,0,0,0,0,0,311,311,311,311,311,311,0,311,311,311,311,311,311,311,0,0,0,0,0,0,0,0,0,0,
0,0,0,0,0,0,311,311,311,311,311,311,0,311,311,311,311,311,311,311,0,0,0,0,0,0,0,0,0,0,
0,0,0,0,0,0,311,311,311,311,311,311,0,311,311,311,311,311,311,311,0,0,0,0,0,0,0,0,0,0,
0,0,0,0,0,0,311,311,311,311,311,311,0,311,311,311,311,311,311,311,0,0,0,0,0,0,0,0,0,0,
0,0,0,0,0,0,311,311,311,311,311,311,0,311,311,311,311,311,311,311,0,0,0,0,0,0,0,0,0,0,
0,0,0,0,0,0,311,311,311,311,311,311,0,311,311,311,311,311,311,311,0,0,0,0,0,0,0,0,0,0,
0,0,0,0,0,0,311,311,311,311,311,311,311,311,311,311,311,311,311,311,0,0,0,0,0,0,0,0,0,0,
0,0,0,0,0,0,311,311,311,311,311,311,311,311,311,311,311,311,311,311,0,0,0,0,0,0,0,0,0,0,
0,0,0,0,0,0,311,311,311,311,311,311,0,311,311,311,311,311,311,311,0,0,0,0,0,0,0,0,0,0,
0,0,0,0,0,0,0,0,0,0,0,0,0,0,0,0,311,0,0,0,0,0,0,0,0,0,0,0,0,0,
0,0,0,0,0,0,0,0,0,0,0,0,0,0,0,0,0,0,0,0,0,0,0,0,0,0,0,0,0,0,
0,0,0,0,0,0,0,0,0,0,0,0,0,0,0,0,0,0,0,0,0,0,0,0,0,0,0,0,0,0,
0,0,0,0,0,0,0,0,0,0,0,0,0,0,0,0,0,0,0,0,0,0,0,0,0,0,0,0,0,0,
0,0,0,0,0,0,0,0,0,0,0,0,0,0,0,0,0,0,0,0,0,0,0,0,0,0,0,0,0,0,
0,0,0,0,0,0,0,0,0,0,0,0,0,0,0,0,0,0,0,0,0,0,0,0,0,0,0,0,0,0,
0,0,0,0,0,0,0,0,0,0,0,0,0,0,0,0,0,0,0,0,0,0,0,0,0,0,0,0,0,0,
0,0,0,0,0,0,0,0,0,0,0,0,0,0,0,0,0,0,0,0,0,0,0,0,0,0,0,0,0,0

[layer]
type=fringe
data=
0,0,0,0,0,0,0,0,0,0,0,0,0,0,0,0,0,0,0,0,0,0,0,0,0,0,0,0,0,0,
0,0,0,0,0,0,0,0,0,0,0,0,0,0,0,0,0,0,0,0,0,0,0,0,0,0,0,0,0,0,
0,0,0,0,0,0,333,334,337,0,0,0,0,0,0,0,0,0,0,0,0,0,0,0,0,0,0,0,0,0,
0,0,0,0,0,0,353,354,357,0,0,0,0,0,0,0,0,0,0,0,0,0,0,0,0,0,0,0,0,0,
0,0,0,0,0,0,373,374,357,0,0,0,0,0,0,0,0,0,0,0,0,0,0,0,0,0,0,0,0,0,
0,0,0,0,0,0,433,434,437,0,0,0,0,0,0,0,0,0,0,0,0,0,0,0,0,0,0,0,0,0,
0,0,0,0,0,0,0,0,0,0,0,0,0,0,0,0,0,0,0,0,0,0,0,0,0,0,0,0,0,0,
0,0,0,0,0,0,0,0,0,0,0,0,0,0,0,0,0,0,0,0,0,0,0,0,0,0,0,0,0,0,
0,0,0,0,0,0,0,0,0,0,0,0,0,0,0,0,0,0,0,0,0,0,0,0,0,0,0,0,0,0,
0,0,0,0,0,0,0,0,0,0,0,0,0,0,0,0,0,0,0,0,0,0,0,0,0,0,0,0,0,0,
0,0,0,0,0,0,0,0,0,0,0,0,0,0,0,0,0,0,0,0,0,0,0,0,0,0,0,0,0,0,
0,0,0,0,0,0,0,0,0,0,0,0,0,0,0,0,0,0,0,0,0,0,0,0,0,0,0,0,0,0,
0,0,0,0,0,0,0,0,0,0,0,0,0,0,0,0,0,0,0,0,0,0,0,0,0,0,0,0,0,0,
0,0,0,0,0,0,0,0,0,0,0,0,0,0,0,0,0,0,0,0,0,0,0,0,0,0,0,0,0,0,
0,0,0,0,0,0,0,0,0,0,0,0,0,0,0,0,0,0,0,0,0,0,0,0,0,0,0,0,0,0,
0,0,0,0,0,0,0,0,0,0,0,0,0,0,0,0,0,0,0,0,0,0,0,0,0,0,0,0,0,0,
0,0,0,0,0,0,0,0,0,0,0,0,0,0,0,0,0,0,0,0,0,0,0,0,0,0,0,0,0,0,
0,0,0,0,0,0,0,0,0,0,0,0,0,0,0,0,0,0,0,0,0,0,0,0,0,0,0,0,0,0,
0,0,0,0,0,0,0,0,0,0,0,0,0,0,0,0,0,0,0,0,0,0,0,0,0,0,0,0,0,0,
0,0,0,0,0,0,0,0,0,0,0,0,0,0,0,0,0,0,0,0,0,0,0,0,0,0,0,0,0,0

[layer]
type=object
data=
0,0,0,0,0,0,410,411,408,409,410,411,0,410,411,408,409,408,409,410,0,0,0,0,0,0,0,0,0,0,
0,0,0,0,0,0,430,431,428,429,430,431,0,430,431,428,429,428,429,430,0,0,0,0,0,0,0,0,0,0,
0,0,0,0,0,0,0,0,0,307,307,307,0,307,0,0,446,432,466,466,0,0,0,0,0,0,0,0,0,0,
0,0,0,0,0,0,0,0,0,0,0,0,0,466,466,0,432,0,466,466,0,0,0,0,0,0,0,0,0,0,
0,0,0,0,0,0,0,0,0,0,0,466,0,466,0,0,0,0,0,466,0,0,0,0,0,0,0,0,0,0,
0,0,0,0,0,0,0,0,0,0,0,466,0,0,0,0,0,0,0,466,0,0,0,0,0,0,0,0,0,0,
0,0,0,0,0,0,454,455,456,0,449,450,0,0,0,0,0,0,0,466,0,0,0,0,0,0,0,0,0,0,
0,0,0,0,0,0,466,475,476,0,475,0,410,0,0,432,432,0,0,0,0,0,0,0,0,0,0,0,0,0,
0,0,0,0,0,0,0,0,406,407,0,0,430,0,432,447,448,432,0,0,0,0,0,0,0,0,0,0,0,0,
0,0,0,0,0,0,0,0,426,427,0,0,0,0,0,432,432,0,0,0,0,0,0,0,0,0,0,0,0,0,
0,0,0,0,0,0,466,0,0,0,0,0,0,0,0,0,0,0,0,0,0,0,0,0,0,0,0,0,0,0,
0,0,0,0,0,0,466,466,0,0,0,0,0,0,0,0,0,0,0,0,0,0,0,0,0,0,0,0,0,0,
0,0,0,0,0,0,0,0,0,0,0,0,0,0,0,0,0,0,0,0,0,0,0,0,0,0,0,0,0,0,
0,0,0,0,0,0,0,0,0,0,0,0,0,0,0,0,0,0,0,0,0,0,0,0,0,0,0,0,0,0,
0,0,0,0,0,0,0,0,0,0,0,0,0,0,0,0,0,0,0,0,0,0,0,0,0,0,0,0,0,0,
0,0,0,0,0,0,0,0,0,0,0,0,0,0,0,0,0,0,0,0,0,0,0,0,0,0,0,0,0,0,
0,0,0,0,0,0,0,0,0,0,0,0,0,0,0,0,0,0,0,0,0,0,0,0,0,0,0,0,0,0,
0,0,0,0,0,0,0,0,0,0,0,0,0,0,0,0,0,0,0,0,0,0,0,0,0,0,0,0,0,0,
0,0,0,0,0,0,0,0,0,0,0,0,0,0,0,0,0,0,0,0,0,0,0,0,0,0,0,0,0,0,
0,0,0,0,0,0,0,0,0,0,0,0,0,0,0,0,0,0,0,0,0,0,0,0,0,0,0,0,0,0

[layer]
type=collision
data=
0,0,0,0,0,966,966,966,966,966,966,966,966,966,966,966,966,966,966,966,966,0,0,0,0,0,0,0,0,0,
0,0,0,0,0,966,966,966,966,966,966,966,966,966,966,966,966,966,966,966,966,0,0,0,0,0,0,0,0,0,
0,0,0,0,0,966,966,966,966,966,966,966,966,966,0,0,966,966,966,966,966,0,0,0,0,0,0,0,0,0,
0,0,0,0,0,966,966,966,966,0,0,0,966,966,966,0,966,0,966,966,966,0,0,0,0,0,0,0,0,0,
0,0,0,0,0,966,966,966,966,0,0,966,966,966,0,0,0,0,0,966,966,0,0,0,0,0,0,0,0,0,
0,0,0,0,0,966,0,0,0,0,0,966,966,0,0,0,0,0,0,966,966,0,0,0,0,0,0,0,0,0,
0,0,0,0,0,966,966,966,966,0,966,966,966,0,0,0,0,0,0,966,966,0,0,0,0,0,0,0,0,0,
0,0,0,0,0,966,966,0,0,0,0,0,966,0,0,966,966,0,0,0,966,0,0,0,0,0,0,0,0,0,
0,0,0,0,0,966,0,0,966,966,0,0,966,0,966,966,966,966,0,0,966,0,0,0,0,0,0,0,0,0,
0,0,0,0,0,966,0,0,966,966,0,0,0,0,0,966,966,0,0,0,966,0,0,0,0,0,0,0,0,0,
0,0,0,0,0,966,966,0,0,0,0,0,0,0,0,0,0,0,0,0,966,0,0,0,0,0,0,0,0,0,
0,0,0,0,0,966,966,966,0,0,0,0,966,0,0,0,0,0,0,0,966,0,0,0,0,0,0,0,0,0,
0,0,0,0,0,966,966,966,966,966,966,966,966,966,966,966,0,966,966,966,966,0,0,0,0,0,0,0,0,0,
0,0,0,0,0,0,0,0,0,0,0,0,0,0,0,966,966,966,0,0,0,0,0,0,0,0,0,0,0,0,
0,0,0,0,0,0,0,0,0,0,0,0,0,0,0,0,0,0,0,0,0,0,0,0,0,0,0,0,0,0,
0,0,0,0,0,0,0,0,0,0,0,0,0,0,0,0,0,0,0,0,0,0,0,0,0,0,0,0,0,0,
0,0,0,0,0,0,0,0,0,0,0,0,0,0,0,0,0,0,0,0,0,0,0,0,0,0,0,0,0,0,
0,0,0,0,0,0,0,0,0,0,0,0,0,0,0,0,0,0,0,0,0,0,0,0,0,0,0,0,0,0,
0,0,0,0,0,0,0,0,0,0,0,0,0,0,0,0,0,0,0,0,0,0,0,0,0,0,0,0,0,0,
0,0,0,0,0,0,0,0,0,0,0,0,0,0,0,0,0,0,0,0,0,0,0,0,0,0,0,0,0,0

[event]
type=event
location=16,12,1,1
activate=on_trigger
hotspot=location
intermap=maps/city.txt
tooltip=to city

[event]
# enter
type=event
location=9,3,1,0
activate=on_load
delay=1s
npc=npcs/hero_home.txt
requires_not_status=hero_home_talk
set_status=hero_home_talk

[event]
# box1
type=event
location=9,2,1,1
activate=on_trigger
hotspot=location
loot=loot/home_1.txt
mapmod=object,9,2,308
msg=you got some money
requires_not_status=chest1_open
set_status=chest1_open
tooltip=1st chest

[event]
# box2
type=event
location=10,2,1,1
activate=on_trigger
hotspot=location
loot=loot/home_2.txt
mapmod=object,10,2,308
msg=you got one craft
requires_not_status=chest2_open
set_status=chest2_open
tooltip=2nd chest

[event]
# box3
type=event
location=11,2,1,1
activate=on_trigger
hotspot=location
loot=loot/home_3.txt
mapmod=object,11,2,308
msg=you got some things
requires_not_status=chest3_open
set_status=chest3_open
tooltip=3rd chest

[event]
# box4
type=event
location=13,2,1,1
activate=on_trigger
hotspot=location
loot=loot/home_4.txt
mapmod=object,13,2,308
msg=you got what you want? ^_^
requires_not_status=chest4_open
set_status=chest4_open
tooltip=4th chest

[event]
# box1_onload
type=event
location=8,0,1,0
activate=on_load
hotspot=9,2
mapmod=object,9,2,308
requires_status=chest1_open

[event]
# box2_onload
type=event
location=10,0,1,0
activate=on_load
hotspot=10,2
mapmod=object,10,2,308
requires_status=chest2_open

[event]
# box3_onload
type=event
location=11,0,1,0
activate=on_load
hotspot=11,2
mapmod=object,11,2,308
requires_status=chest3_open

[event]
# box4_onload
type=event
location=13,0,1,0
activate=on_load
hotspot=13,2
mapmod=object,13,2,308
requires_status=chest4_open

[event]
# cutsene
type=event
location=6,1,1,0
activate=on_load
cutscene=cutscenes/backstory.txt
requires_not_status=hero_backstory
set_status=hero_backstory

