
image=images/avatar/male/PLAYER.png

[stance]
frames=1
duration=100ms
type=back_forth
frame=0,0,0,48,32,48,16,44
frame=0,1,0,48,32,48,16,44
frame=0,2,0,144,32,48,20,44
frame=0,3,0,144,32,48,20,44
frame=0,4,0,96,32,48,16,44
frame=0,5,0,96,32,48,16,44
frame=0,6,0,0,32,48,20,44
frame=0,7,0,0,32,48,20,44

[run]
frames=3
duration=300ms
type=looped
frame=0,0,0,48,32,48,16,44
frame=0,1,0,48,32,48,16,44
frame=0,2,0,144,32,48,20,44
frame=0,3,0,144,32,48,20,44
frame=0,4,0,96,32,48,16,44
frame=0,5,0,96,32,48,16,44
frame=0,6,0,0,32,48,20,44
frame=0,7,0,0,32,48,20,44
frame=1,0,32,48,32,48,16,44
frame=1,1,32,48,32,48,16,44
frame=1,2,32,144,32,48,20,44
frame=1,3,32,144,32,48,20,44
frame=1,4,32,96,32,48,16,44
frame=1,5,32,96,32,48,16,44
frame=1,6,32,0,32,48,16,44
frame=1,7,32,0,32,48,16,44
frame=2,0,64,48,32,48,16,44
frame=2,1,64,48,32,48,16,44
frame=2,2,64,144,32,48,20,44
frame=2,3,64,144,32,48,20,44
frame=2,4,64,96,32,48,16,44
frame=2,5,64,96,32,48,16,44
frame=2,6,64,0,32,48,16,44
frame=2,7,64,0,32,48,16,44


[shoot]
frames=1
duration=100ms
type=back_forth
frame=0,0,0,48,32,48,16,44
frame=0,1,0,48,32,48,16,44
frame=0,2,0,144,32,48,20,44
frame=0,3,0,144,32,48,20,44
frame=0,4,0,96,32,48,16,44
frame=0,5,0,96,32,48,16,44
frame=0,6,0,0,32,48,20,44
frame=0,7,0,0,32,48,20,44

[cast]
frames=1
duration=100ms
type=back_forth
frame=0,0,0,48,32,48,16,44
frame=0,1,0,48,32,48,16,44
frame=0,2,0,144,32,48,20,44
frame=0,3,0,144,32,48,20,44
frame=0,4,0,96,32,48,16,44
frame=0,5,0,96,32,48,16,44
frame=0,6,0,0,32,48,20,44
frame=0,7,0,0,32,48,20,44

[die]
frames=1
duration=100ms
type=back_forth
frame=0,0,0,48,32,48,16,44
frame=0,1,0,48,32,48,16,44
frame=0,2,0,144,32,48,20,44
frame=0,3,0,144,32,48,20,44
frame=0,4,0,96,32,48,16,44
frame=0,5,0,96,32,48,16,44
frame=0,6,0,0,32,48,20,44
frame=0,7,0,0,32,48,20,44

[swing]
frames=1
duration=100ms
type=back_forth
frame=0,0,0,48,32,48,16,44
frame=0,1,0,48,32,48,16,44
frame=0,2,0,144,32,48,20,44
frame=0,3,0,144,32,48,20,44
frame=0,4,0,96,32,48,16,44
frame=0,5,0,96,32,48,16,44
frame=0,6,0,0,32,48,20,44
frame=0,7,0,0,32,48,20,44

[hit]
frames=1
duration=100ms
type=back_forth
frame=0,0,0,48,32,48,16,44
frame=0,1,0,48,32,48,16,44
frame=0,2,0,144,32,48,20,44
frame=0,3,0,144,32,48,20,44
frame=0,4,0,96,32,48,16,44
frame=0,5,0,96,32,48,16,44
frame=0,6,0,0,32,48,20,44
frame=0,7,0,0,32,48,20,44

[block]
frames=1
duration=100ms
type=back_forth
frame=0,0,0,48,32,48,16,44
frame=0,1,0,48,32,48,16,44
frame=0,2,0,144,32,48,20,44
frame=0,3,0,144,32,48,20,44
frame=0,4,0,96,32,48,16,44
frame=0,5,0,96,32,48,16,44
frame=0,6,0,0,32,48,20,44
frame=0,7,0,0,32,48,20,44
