[tileset]
img=images/tilesets/maps.png
tile=11,0,0,32,32,16,16
tile=12,32,0,32,32,16,16
tile=13,64,0,32,32,16,16
tile=14,96,0,32,32,16,16
tile=15,128,0,32,32,16,16
tile=16,160,0,32,32,16,16
tile=17,192,0,32,32,16,16
tile=18,224,0,32,32,16,16
tile=19,256,0,32,32,16,16
tile=20,288,0,32,32,16,16
tile=21,320,0,32,32,16,16
tile=22,352,0,32,32,16,16
tile=23,384,0,32,32,16,16
tile=24,416,0,32,32,16,16
tile=25,448,0,32,32,16,16
tile=26,480,0,32,32,16,16
tile=27,512,0,32,32,16,16
tile=28,544,0,32,32,16,16
tile=29,576,0,32,32,16,16
tile=30,608,0,32,32,16,16
tile=31,0,32,32,32,16,16
tile=32,32,32,32,32,16,16
tile=33,64,32,32,32,16,16
tile=34,96,32,32,32,16,16
tile=35,128,32,32,32,16,16
tile=36,160,32,32,32,16,16
tile=37,192,32,32,32,16,16
tile=38,224,32,32,32,16,16
tile=39,256,32,32,32,16,16
tile=40,288,32,32,32,16,16
tile=41,320,32,32,32,16,16
tile=42,352,32,32,32,16,16
tile=43,384,32,32,32,16,16
tile=44,416,32,32,32,16,16
tile=45,448,32,32,32,16,16
tile=46,480,32,32,32,16,16
tile=47,512,32,32,32,16,16
tile=48,544,32,32,32,16,16
tile=49,576,32,32,32,16,16
tile=50,608,32,32,32,16,16
tile=51,0,64,32,32,16,16
tile=52,32,64,32,32,16,16
tile=53,64,64,32,32,16,16
tile=54,96,64,32,32,16,16
tile=55,128,64,32,32,16,16
tile=56,160,64,32,32,16,16
tile=57,192,64,32,32,16,16
tile=58,224,64,32,32,16,16
tile=59,256,64,32,32,16,16
tile=60,288,64,32,32,16,16
tile=61,320,64,32,32,16,16
tile=62,352,64,32,32,16,16
tile=63,384,64,32,32,16,16
tile=64,416,64,32,32,16,16
tile=65,448,64,32,32,16,16
tile=66,480,64,32,32,16,16
tile=67,512,64,32,32,16,16
tile=68,544,64,32,32,16,16
tile=69,576,64,32,32,16,16
tile=70,608,64,32,32,16,16
tile=71,0,96,32,32,16,16
tile=72,32,96,32,32,16,16
tile=73,64,96,32,32,16,16
tile=74,96,96,32,32,16,16
tile=75,128,96,32,32,16,16
tile=76,160,96,32,32,16,16
tile=77,192,96,32,32,16,16
tile=78,224,96,32,32,16,16
tile=79,256,96,32,32,16,16
tile=80,288,96,32,32,16,16
tile=81,320,96,32,32,16,16
tile=82,352,96,32,32,16,16
tile=83,384,96,32,32,16,16
tile=84,416,96,32,32,16,16
tile=85,448,96,32,32,16,16
tile=86,480,96,32,32,16,16
tile=87,512,96,32,32,16,16
tile=88,544,96,32,32,16,16
tile=89,576,96,32,32,16,16
tile=90,608,96,32,32,16,16
tile=91,0,128,32,32,16,16
tile=92,32,128,32,32,16,16
tile=93,64,128,32,32,16,16
tile=94,96,128,32,32,16,16
tile=95,128,128,32,32,16,16
tile=96,160,128,32,32,16,16
tile=97,192,128,32,32,16,16
tile=98,224,128,32,32,16,16
tile=99,256,128,32,32,16,16
tile=100,288,128,32,32,16,16
tile=101,320,128,32,32,16,16
tile=102,352,128,32,32,16,16
tile=103,384,128,32,32,16,16
tile=104,416,128,32,32,16,16
tile=105,448,128,32,32,16,16
tile=106,480,128,32,32,16,16
tile=107,512,128,32,32,16,16
tile=108,544,128,32,32,16,16
tile=109,576,128,32,32,16,16
tile=110,608,128,32,32,16,16
tile=111,0,160,32,32,16,16
tile=112,32,160,32,32,16,16
tile=113,64,160,32,32,16,16
tile=114,96,160,32,32,16,16
tile=115,128,160,32,32,16,16
tile=116,160,160,32,32,16,16
tile=117,192,160,32,32,16,16
tile=118,224,160,32,32,16,16
tile=119,256,160,32,32,16,16
tile=120,288,160,32,32,16,16
tile=121,320,160,32,32,16,16
tile=122,352,160,32,32,16,16
tile=123,384,160,32,32,16,16
tile=124,416,160,32,32,16,16
tile=125,448,160,32,32,16,16
tile=126,480,160,32,32,16,16
tile=127,512,160,32,32,16,16
tile=128,544,160,32,32,16,16
tile=129,576,160,32,32,16,16
tile=130,608,160,32,32,16,16
tile=131,0,192,32,32,16,16
tile=132,32,192,32,32,16,16
tile=133,64,192,32,32,16,16
tile=134,96,192,32,32,16,16
tile=135,128,192,32,32,16,16
tile=136,160,192,32,32,16,16
tile=137,192,192,32,32,16,16
tile=138,224,192,32,32,16,16
tile=139,256,192,32,32,16,16
tile=140,288,192,32,32,16,16
tile=141,320,192,32,32,16,16
tile=142,352,192,32,32,16,16
tile=143,384,192,32,32,16,16
tile=144,416,192,32,32,16,16
tile=145,448,192,32,32,16,16
tile=146,480,192,32,32,16,16
tile=147,512,192,32,32,16,16
tile=148,544,192,32,32,16,16
tile=149,576,192,32,32,16,16
tile=150,608,192,32,32,16,16
tile=151,0,224,32,32,16,16
tile=152,32,224,32,32,16,16
tile=153,64,224,32,32,16,16
tile=154,96,224,32,32,16,16
tile=155,128,224,32,32,16,16
tile=156,160,224,32,32,16,16
tile=157,192,224,32,32,16,16
tile=158,224,224,32,32,16,16
tile=159,256,224,32,32,16,16
tile=160,288,224,32,32,16,16
tile=161,320,224,32,32,16,16
tile=162,352,224,32,32,16,16
tile=163,384,224,32,32,16,16
tile=164,416,224,32,32,16,16
tile=165,448,224,32,32,16,16
tile=166,480,224,32,32,16,16
tile=167,512,224,32,32,16,16
tile=168,544,224,32,32,16,16
tile=169,576,224,32,32,16,16
tile=170,608,224,32,32,16,16
tile=171,0,256,32,32,16,16
tile=172,32,256,32,32,16,16
tile=173,64,256,32,32,16,16
tile=174,96,256,32,32,16,16
tile=175,128,256,32,32,16,16
tile=176,160,256,32,32,16,16
tile=177,192,256,32,32,16,16
tile=178,224,256,32,32,16,16
tile=179,256,256,32,32,16,16
tile=180,288,256,32,32,16,16
tile=181,320,256,32,32,16,16
tile=182,352,256,32,32,16,16
tile=183,384,256,32,32,16,16
tile=184,416,256,32,32,16,16
tile=185,448,256,32,32,16,16
tile=186,480,256,32,32,16,16
tile=187,512,256,32,32,16,16
tile=188,544,256,32,32,16,16
tile=189,576,256,32,32,16,16
tile=190,608,256,32,32,16,16
tile=191,0,288,32,32,16,16
tile=192,32,288,32,32,16,16
tile=193,64,288,32,32,16,16
tile=194,96,288,32,32,16,16
tile=195,128,288,32,32,16,16
tile=196,160,288,32,32,16,16
tile=197,192,288,32,32,16,16
tile=198,224,288,32,32,16,16
tile=199,256,288,32,32,16,16
tile=200,288,288,32,32,16,16
tile=201,320,288,32,32,16,16
tile=202,352,288,32,32,16,16
tile=203,384,288,32,32,16,16
tile=204,416,288,32,32,16,16
tile=205,448,288,32,32,16,16
tile=206,480,288,32,32,16,16
tile=207,512,288,32,32,16,16
tile=208,544,288,32,32,16,16
tile=209,576,288,32,32,16,16
tile=210,608,288,32,32,16,16
tile=211,0,320,32,32,16,16
tile=212,32,320,32,32,16,16
tile=213,64,320,32,32,16,16
tile=214,96,320,32,32,16,16
tile=215,128,320,32,32,16,16
tile=216,160,320,32,32,16,16
tile=217,192,320,32,32,16,16
tile=218,224,320,32,32,16,16
tile=219,256,320,32,32,16,16
tile=220,288,320,32,32,16,16
tile=221,320,320,32,32,16,16
tile=222,352,320,32,32,16,16
tile=223,384,320,32,32,16,16
tile=224,416,320,32,32,16,16
tile=225,448,320,32,32,16,16
tile=226,480,320,32,32,16,16
tile=227,512,320,32,32,16,16
tile=228,544,320,32,32,16,16
tile=229,576,320,32,32,16,16
tile=230,608,320,32,32,16,16
tile=231,0,352,32,32,16,16
tile=232,32,352,32,32,16,16
tile=233,64,352,32,32,16,16
tile=234,96,352,32,32,16,16
tile=235,128,352,32,32,16,16
tile=236,160,352,32,32,16,16
tile=237,192,352,32,32,16,16
tile=238,224,352,32,32,16,16
tile=239,256,352,32,32,16,16
tile=240,288,352,32,32,16,16
tile=241,320,352,32,32,16,16
tile=242,352,352,32,32,16,16
tile=243,384,352,32,32,16,16
tile=244,416,352,32,32,16,16
tile=245,448,352,32,32,16,16
tile=246,480,352,32,32,16,16
tile=247,512,352,32,32,16,16
tile=248,544,352,32,32,16,16
tile=249,576,352,32,32,16,16
tile=250,608,352,32,32,16,16
tile=251,0,384,32,32,16,16
tile=252,32,384,32,32,16,16
tile=253,64,384,32,32,16,16
tile=254,96,384,32,32,16,16
tile=255,128,384,32,32,16,16
tile=256,160,384,32,32,16,16
tile=257,192,384,32,32,16,16
tile=258,224,384,32,32,16,16
tile=259,256,384,32,32,16,16
tile=260,288,384,32,32,16,16
tile=261,320,384,32,32,16,16
tile=262,352,384,32,32,16,16
tile=263,384,384,32,32,16,16
tile=264,416,384,32,32,16,16
tile=265,448,384,32,32,16,16
tile=266,480,384,32,32,16,16
tile=267,512,384,32,32,16,16
tile=268,544,384,32,32,16,16
tile=269,576,384,32,32,16,16
tile=270,608,384,32,32,16,16
tile=271,0,416,32,32,16,16
tile=272,32,416,32,32,16,16
tile=273,64,416,32,32,16,16
tile=274,96,416,32,32,16,16
tile=275,128,416,32,32,16,16
tile=276,160,416,32,32,16,16
tile=277,192,416,32,32,16,16
tile=278,224,416,32,32,16,16
tile=279,256,416,32,32,16,16
tile=280,288,416,32,32,16,16
tile=281,320,416,32,32,16,16
tile=282,352,416,32,32,16,16
tile=283,384,416,32,32,16,16
tile=284,416,416,32,32,16,16
tile=285,448,416,32,32,16,16
tile=286,480,416,32,32,16,16
tile=287,512,416,32,32,16,16
tile=288,544,416,32,32,16,16
tile=289,576,416,32,32,16,16
tile=290,608,416,32,32,16,16
tile=291,0,448,32,32,16,16
tile=292,32,448,32,32,16,16
tile=293,64,448,32,32,16,16
tile=294,96,448,32,32,16,16
tile=295,128,448,32,32,16,16
tile=296,160,448,32,32,16,16
tile=297,192,448,32,32,16,16
tile=298,224,448,32,32,16,16
tile=299,256,448,32,32,16,16
tile=300,288,448,32,32,16,16
tile=301,320,448,32,32,16,16
tile=302,352,448,32,32,16,16
tile=303,384,448,32,32,16,16
tile=304,416,448,32,32,16,16
tile=305,448,448,32,32,16,16
tile=306,480,448,32,32,16,16
tile=307,512,448,32,32,16,16
tile=308,544,448,32,32,16,16
tile=309,576,448,32,32,16,16
tile=310,608,448,32,32,16,16
tile=311,0,480,32,32,16,16
tile=312,32,480,32,32,16,16
tile=313,64,480,32,32,16,16
tile=314,96,480,32,32,16,16
tile=315,128,480,32,32,16,16
tile=316,160,480,32,32,16,16
tile=317,192,480,32,32,16,16
tile=318,224,480,32,32,16,16
tile=319,256,480,32,32,16,16
tile=320,288,480,32,32,16,16
tile=321,320,480,32,32,16,16
tile=322,352,480,32,32,16,16
tile=323,384,480,32,32,16,16
tile=324,416,480,32,32,16,16
tile=325,448,480,32,32,16,16
tile=326,480,480,32,32,16,16
tile=327,512,480,32,32,16,16
tile=328,544,480,32,32,16,16
tile=329,576,480,32,32,16,16
tile=330,608,480,32,32,16,16
tile=331,0,512,32,32,16,16
tile=332,32,512,32,32,16,16
tile=333,64,512,32,32,16,16
tile=334,96,512,32,32,16,16
tile=335,128,512,32,32,16,16
tile=336,160,512,32,32,16,16
tile=337,192,512,32,32,16,16
tile=338,224,512,32,32,16,16
tile=339,256,512,32,32,16,16
tile=340,288,512,32,32,16,16
tile=341,320,512,32,32,16,16
tile=342,352,512,32,32,16,16
tile=343,384,512,32,32,16,16
tile=344,416,512,32,32,16,16
tile=345,448,512,32,32,16,16
tile=346,480,512,32,32,16,16
tile=347,512,512,32,32,16,16
tile=348,544,512,32,32,16,16
tile=349,576,512,32,32,16,16
tile=350,608,512,32,32,16,16
tile=351,0,544,32,32,16,16
tile=352,32,544,32,32,16,16
tile=353,64,544,32,32,16,16
tile=354,96,544,32,32,16,16
tile=355,128,544,32,32,16,16
tile=356,160,544,32,32,16,16
tile=357,192,544,32,32,16,16
tile=358,224,544,32,32,16,16
tile=359,256,544,32,32,16,16
tile=360,288,544,32,32,16,16
tile=361,320,544,32,32,16,16
tile=362,352,544,32,32,16,16
tile=363,384,544,32,32,16,16
tile=364,416,544,32,32,16,16
tile=365,448,544,32,32,16,16
tile=366,480,544,32,32,16,16
tile=367,512,544,32,32,16,16
tile=368,544,544,32,32,16,16
tile=369,576,544,32,32,16,16
tile=370,608,544,32,32,16,16
tile=371,0,576,32,32,16,16
tile=372,32,576,32,32,16,16
tile=373,64,576,32,32,16,16
tile=374,96,576,32,32,16,16
tile=375,128,576,32,32,16,16
tile=376,160,576,32,32,16,16
tile=377,192,576,32,32,16,16
tile=378,224,576,32,32,16,16
tile=379,256,576,32,32,16,16
tile=380,288,576,32,32,16,16
tile=381,320,576,32,32,16,16
tile=382,352,576,32,32,16,16
tile=383,384,576,32,32,16,16
tile=384,416,576,32,32,16,16
tile=385,448,576,32,32,16,16
tile=386,480,576,32,32,16,16
tile=387,512,576,32,32,16,16
tile=388,544,576,32,32,16,16
tile=389,576,576,32,32,16,16
tile=390,608,576,32,32,16,16
tile=391,0,608,32,32,16,16
tile=392,32,608,32,32,16,16
tile=393,64,608,32,32,16,16
tile=394,96,608,32,32,16,16
tile=395,128,608,32,32,16,16
tile=396,160,608,32,32,16,16
tile=397,192,608,32,32,16,16
tile=398,224,608,32,32,16,16
tile=399,256,608,32,32,16,16
tile=400,288,608,32,32,16,16
tile=401,320,608,32,32,16,16
tile=402,352,608,32,32,16,16
tile=403,384,608,32,32,16,16
tile=404,416,608,32,32,16,16
tile=405,448,608,32,32,16,16
tile=406,480,608,32,32,16,16
tile=407,512,608,32,32,16,16
tile=408,544,608,32,32,16,16
tile=409,576,608,32,32,16,16
tile=410,608,608,32,32,16,16
tile=411,0,640,32,32,16,16
tile=412,32,640,32,32,16,16
tile=413,64,640,32,32,16,16
tile=414,96,640,32,32,16,16
tile=415,128,640,32,32,16,16
tile=416,160,640,32,32,16,16
tile=417,192,640,32,32,16,16
tile=418,224,640,32,32,16,16
tile=419,256,640,32,32,16,16
tile=420,288,640,32,32,16,16
tile=421,320,640,32,32,16,16
tile=422,352,640,32,32,16,16
tile=423,384,640,32,32,16,16
tile=424,416,640,32,32,16,16
tile=425,448,640,32,32,16,16
tile=426,480,640,32,32,16,16
tile=427,512,640,32,32,16,16
tile=428,544,640,32,32,16,16
tile=429,576,640,32,32,16,16
tile=430,608,640,32,32,16,16
tile=431,0,672,32,32,16,16
tile=432,32,672,32,32,16,16
tile=433,64,672,32,32,16,16
tile=434,96,672,32,32,16,16
tile=435,128,672,32,32,16,16
tile=436,160,672,32,32,16,16
tile=437,192,672,32,32,16,16
tile=438,224,672,32,32,16,16
tile=439,256,672,32,32,16,16
tile=440,288,672,32,32,16,16
tile=441,320,672,32,32,16,16
tile=442,352,672,32,32,16,16
tile=443,384,672,32,32,16,16
tile=444,416,672,32,32,16,16
tile=445,448,672,32,32,16,16
tile=446,480,672,32,32,16,16
tile=447,512,672,32,32,16,16
tile=448,544,672,32,32,16,16
tile=449,576,672,32,32,16,16
tile=450,608,672,32,32,16,16
tile=451,0,704,32,32,16,16
tile=452,32,704,32,32,16,16
tile=453,64,704,32,32,16,16
tile=454,96,704,32,32,16,16
tile=455,128,704,32,32,16,16
tile=456,160,704,32,32,16,16
tile=457,192,704,32,32,16,16
tile=458,224,704,32,32,16,16
tile=459,256,704,32,32,16,16
tile=460,288,704,32,32,16,16
tile=461,320,704,32,32,16,16
tile=462,352,704,32,32,16,16
tile=463,384,704,32,32,16,16
tile=464,416,704,32,32,16,16
tile=465,448,704,32,32,16,16
tile=466,480,704,32,32,16,16
tile=467,512,704,32,32,16,16
tile=468,544,704,32,32,16,16
tile=469,576,704,32,32,16,16
tile=470,608,704,32,32,16,16
tile=471,0,736,32,32,16,16
tile=472,32,736,32,32,16,16
tile=473,64,736,32,32,16,16
tile=474,96,736,32,32,16,16
tile=475,128,736,32,32,16,16
tile=476,160,736,32,32,16,16
tile=477,192,736,32,32,16,16
tile=478,224,736,32,32,16,16
tile=479,256,736,32,32,16,16
tile=480,288,736,32,32,16,16
tile=481,320,736,32,32,16,16
tile=482,352,736,32,32,16,16
tile=483,384,736,32,32,16,16
tile=484,416,736,32,32,16,16
tile=485,448,736,32,32,16,16
tile=486,480,736,32,32,16,16
tile=487,512,736,32,32,16,16
tile=488,544,736,32,32,16,16
tile=489,576,736,32,32,16,16
tile=490,608,736,32,32,16,16
tile=491,0,768,32,32,16,16
tile=492,32,768,32,32,16,16
tile=493,64,768,32,32,16,16
tile=494,96,768,32,32,16,16
tile=495,128,768,32,32,16,16
tile=496,160,768,32,32,16,16
tile=497,192,768,32,32,16,16
tile=498,224,768,32,32,16,16
tile=499,256,768,32,32,16,16
tile=500,288,768,32,32,16,16
tile=501,320,768,32,32,16,16
tile=502,352,768,32,32,16,16
tile=503,384,768,32,32,16,16
tile=504,416,768,32,32,16,16
tile=505,448,768,32,32,16,16
tile=506,480,768,32,32,16,16
tile=507,512,768,32,32,16,16
tile=508,544,768,32,32,16,16
tile=509,576,768,32,32,16,16
tile=510,608,768,32,32,16,16
tile=511,0,800,32,32,16,16
tile=512,32,800,32,32,16,16
tile=513,64,800,32,32,16,16
tile=514,96,800,32,32,16,16
tile=515,128,800,32,32,16,16
tile=516,160,800,32,32,16,16
tile=517,192,800,32,32,16,16
tile=518,224,800,32,32,16,16
tile=519,256,800,32,32,16,16
tile=520,288,800,32,32,16,16
tile=521,320,800,32,32,16,16
tile=522,352,800,32,32,16,16
tile=523,384,800,32,32,16,16
tile=524,416,800,32,32,16,16
tile=525,448,800,32,32,16,16
tile=526,480,800,32,32,16,16
tile=527,512,800,32,32,16,16
tile=528,544,800,32,32,16,16
tile=529,576,800,32,32,16,16
tile=530,608,800,32,32,16,16
tile=531,0,832,32,32,16,16
tile=532,32,832,32,32,16,16
tile=533,64,832,32,32,16,16
tile=534,96,832,32,32,16,16
tile=535,128,832,32,32,16,16
tile=536,160,832,32,32,16,16
tile=537,192,832,32,32,16,16
tile=538,224,832,32,32,16,16
tile=539,256,832,32,32,16,16
tile=540,288,832,32,32,16,16
tile=541,320,832,32,32,16,16
tile=542,352,832,32,32,16,16
tile=543,384,832,32,32,16,16
tile=544,416,832,32,32,16,16
tile=545,448,832,32,32,16,16
tile=546,480,832,32,32,16,16
tile=547,512,832,32,32,16,16
tile=548,544,832,32,32,16,16
tile=549,576,832,32,32,16,16
tile=550,608,832,32,32,16,16
tile=551,0,864,32,32,16,16
tile=552,32,864,32,32,16,16
tile=553,64,864,32,32,16,16
tile=554,96,864,32,32,16,16
tile=555,128,864,32,32,16,16
tile=556,160,864,32,32,16,16
tile=557,192,864,32,32,16,16
tile=558,224,864,32,32,16,16
tile=559,256,864,32,32,16,16
tile=560,288,864,32,32,16,16
tile=561,320,864,32,32,16,16
tile=562,352,864,32,32,16,16
tile=563,384,864,32,32,16,16
tile=564,416,864,32,32,16,16
tile=565,448,864,32,32,16,16
tile=566,480,864,32,32,16,16
tile=567,512,864,32,32,16,16
tile=568,544,864,32,32,16,16
tile=569,576,864,32,32,16,16
tile=570,608,864,32,32,16,16
tile=571,0,896,32,32,16,16
tile=572,32,896,32,32,16,16
tile=573,64,896,32,32,16,16
tile=574,96,896,32,32,16,16
tile=575,128,896,32,32,16,16
tile=576,160,896,32,32,16,16
tile=577,192,896,32,32,16,16
tile=578,224,896,32,32,16,16
tile=579,256,896,32,32,16,16
tile=580,288,896,32,32,16,16
tile=581,320,896,32,32,16,16
tile=582,352,896,32,32,16,16
tile=583,384,896,32,32,16,16
tile=584,416,896,32,32,16,16
tile=585,448,896,32,32,16,16
tile=586,480,896,32,32,16,16
tile=587,512,896,32,32,16,16
tile=588,544,896,32,32,16,16
tile=589,576,896,32,32,16,16
tile=590,608,896,32,32,16,16
tile=591,0,928,32,32,16,16
tile=592,32,928,32,32,16,16
tile=593,64,928,32,32,16,16
tile=594,96,928,32,32,16,16
tile=595,128,928,32,32,16,16
tile=596,160,928,32,32,16,16
tile=597,192,928,32,32,16,16
tile=598,224,928,32,32,16,16
tile=599,256,928,32,32,16,16
tile=600,288,928,32,32,16,16
tile=601,320,928,32,32,16,16
tile=602,352,928,32,32,16,16
tile=603,384,928,32,32,16,16
tile=604,416,928,32,32,16,16
tile=605,448,928,32,32,16,16
tile=606,480,928,32,32,16,16
tile=607,512,928,32,32,16,16
tile=608,544,928,32,32,16,16
tile=609,576,928,32,32,16,16
tile=610,608,928,32,32,16,16
tile=611,0,960,32,32,16,16
tile=612,32,960,32,32,16,16
tile=613,64,960,32,32,16,16
tile=614,96,960,32,32,16,16
tile=615,128,960,32,32,16,16
tile=616,160,960,32,32,16,16
tile=617,192,960,32,32,16,16
tile=618,224,960,32,32,16,16
tile=619,256,960,32,32,16,16
tile=620,288,960,32,32,16,16
tile=621,320,960,32,32,16,16
tile=622,352,960,32,32,16,16
tile=623,384,960,32,32,16,16
tile=624,416,960,32,32,16,16
tile=625,448,960,32,32,16,16
tile=626,480,960,32,32,16,16
tile=627,512,960,32,32,16,16
tile=628,544,960,32,32,16,16
tile=629,576,960,32,32,16,16
tile=630,608,960,32,32,16,16
tile=631,0,992,32,32,16,16
tile=632,32,992,32,32,16,16
tile=633,64,992,32,32,16,16
tile=634,96,992,32,32,16,16
tile=635,128,992,32,32,16,16
tile=636,160,992,32,32,16,16
tile=637,192,992,32,32,16,16
tile=638,224,992,32,32,16,16
tile=639,256,992,32,32,16,16
tile=640,288,992,32,32,16,16
tile=641,320,992,32,32,16,16
tile=642,352,992,32,32,16,16
tile=643,384,992,32,32,16,16
tile=644,416,992,32,32,16,16
tile=645,448,992,32,32,16,16
tile=646,480,992,32,32,16,16
tile=647,512,992,32,32,16,16
tile=648,544,992,32,32,16,16
tile=649,576,992,32,32,16,16
tile=650,608,992,32,32,16,16
tile=651,0,1024,32,32,16,16
tile=652,32,1024,32,32,16,16
tile=653,64,1024,32,32,16,16
tile=654,96,1024,32,32,16,16
tile=655,128,1024,32,32,16,16
tile=656,160,1024,32,32,16,16
tile=657,192,1024,32,32,16,16
tile=658,224,1024,32,32,16,16
tile=659,256,1024,32,32,16,16
tile=660,288,1024,32,32,16,16
tile=661,320,1024,32,32,16,16
tile=662,352,1024,32,32,16,16
tile=663,384,1024,32,32,16,16
tile=664,416,1024,32,32,16,16
tile=665,448,1024,32,32,16,16
tile=666,480,1024,32,32,16,16
tile=667,512,1024,32,32,16,16
tile=668,544,1024,32,32,16,16
tile=669,576,1024,32,32,16,16
tile=670,608,1024,32,32,16,16
tile=671,0,1056,32,32,16,16
tile=672,32,1056,32,32,16,16
tile=673,64,1056,32,32,16,16
tile=674,96,1056,32,32,16,16
tile=675,128,1056,32,32,16,16
tile=676,160,1056,32,32,16,16
tile=677,192,1056,32,32,16,16
tile=678,224,1056,32,32,16,16
tile=679,256,1056,32,32,16,16
tile=680,288,1056,32,32,16,16
tile=681,320,1056,32,32,16,16
tile=682,352,1056,32,32,16,16
tile=683,384,1056,32,32,16,16
tile=684,416,1056,32,32,16,16
tile=685,448,1056,32,32,16,16
tile=686,480,1056,32,32,16,16
tile=687,512,1056,32,32,16,16
tile=688,544,1056,32,32,16,16
tile=689,576,1056,32,32,16,16
tile=690,608,1056,32,32,16,16
tile=691,0,1088,32,32,16,16
tile=692,32,1088,32,32,16,16
tile=693,64,1088,32,32,16,16
tile=694,96,1088,32,32,16,16
tile=695,128,1088,32,32,16,16
tile=696,160,1088,32,32,16,16
tile=697,192,1088,32,32,16,16
tile=698,224,1088,32,32,16,16
tile=699,256,1088,32,32,16,16
tile=700,288,1088,32,32,16,16
tile=701,320,1088,32,32,16,16
tile=702,352,1088,32,32,16,16
tile=703,384,1088,32,32,16,16
tile=704,416,1088,32,32,16,16
tile=705,448,1088,32,32,16,16
tile=706,480,1088,32,32,16,16
tile=707,512,1088,32,32,16,16
tile=708,544,1088,32,32,16,16
tile=709,576,1088,32,32,16,16
tile=710,608,1088,32,32,16,16
tile=711,0,1120,32,32,16,16
tile=712,32,1120,32,32,16,16
tile=713,64,1120,32,32,16,16
tile=714,96,1120,32,32,16,16
tile=715,128,1120,32,32,16,16
tile=716,160,1120,32,32,16,16
tile=717,192,1120,32,32,16,16
tile=718,224,1120,32,32,16,16
tile=719,256,1120,32,32,16,16
tile=720,288,1120,32,32,16,16
tile=721,320,1120,32,32,16,16
tile=722,352,1120,32,32,16,16
tile=723,384,1120,32,32,16,16
tile=724,416,1120,32,32,16,16
tile=725,448,1120,32,32,16,16
tile=726,480,1120,32,32,16,16
tile=727,512,1120,32,32,16,16
tile=728,544,1120,32,32,16,16
tile=729,576,1120,32,32,16,16
tile=730,608,1120,32,32,16,16
tile=731,0,1152,32,32,16,16
tile=732,32,1152,32,32,16,16
tile=733,64,1152,32,32,16,16
tile=734,96,1152,32,32,16,16
tile=735,128,1152,32,32,16,16
tile=736,160,1152,32,32,16,16
tile=737,192,1152,32,32,16,16
tile=738,224,1152,32,32,16,16
tile=739,256,1152,32,32,16,16
tile=740,288,1152,32,32,16,16
tile=741,320,1152,32,32,16,16
tile=742,352,1152,32,32,16,16
tile=743,384,1152,32,32,16,16
tile=744,416,1152,32,32,16,16
tile=745,448,1152,32,32,16,16
tile=746,480,1152,32,32,16,16
tile=747,512,1152,32,32,16,16
tile=748,544,1152,32,32,16,16
tile=749,576,1152,32,32,16,16
tile=750,608,1152,32,32,16,16
tile=751,0,1184,32,32,16,16
tile=752,32,1184,32,32,16,16
tile=753,64,1184,32,32,16,16
tile=754,96,1184,32,32,16,16
tile=755,128,1184,32,32,16,16
tile=756,160,1184,32,32,16,16
tile=757,192,1184,32,32,16,16
tile=758,224,1184,32,32,16,16
tile=759,256,1184,32,32,16,16
tile=760,288,1184,32,32,16,16
tile=761,320,1184,32,32,16,16
tile=762,352,1184,32,32,16,16
tile=763,384,1184,32,32,16,16
tile=764,416,1184,32,32,16,16
tile=765,448,1184,32,32,16,16
tile=766,480,1184,32,32,16,16
tile=767,512,1184,32,32,16,16
tile=768,544,1184,32,32,16,16
tile=769,576,1184,32,32,16,16
tile=770,608,1184,32,32,16,16
tile=771,0,1216,32,32,16,16
tile=772,32,1216,32,32,16,16
tile=773,64,1216,32,32,16,16
tile=774,96,1216,32,32,16,16
tile=775,128,1216,32,32,16,16
tile=776,160,1216,32,32,16,16
tile=777,192,1216,32,32,16,16
tile=778,224,1216,32,32,16,16
tile=779,256,1216,32,32,16,16
tile=780,288,1216,32,32,16,16
tile=781,320,1216,32,32,16,16
tile=782,352,1216,32,32,16,16
tile=783,384,1216,32,32,16,16
tile=784,416,1216,32,32,16,16
tile=785,448,1216,32,32,16,16
tile=786,480,1216,32,32,16,16
tile=787,512,1216,32,32,16,16
tile=788,544,1216,32,32,16,16
tile=789,576,1216,32,32,16,16
tile=790,608,1216,32,32,16,16
tile=791,0,1248,32,32,16,16
tile=792,32,1248,32,32,16,16
tile=793,64,1248,32,32,16,16
tile=794,96,1248,32,32,16,16
tile=795,128,1248,32,32,16,16
tile=796,160,1248,32,32,16,16
tile=797,192,1248,32,32,16,16
tile=798,224,1248,32,32,16,16
tile=799,256,1248,32,32,16,16
tile=800,288,1248,32,32,16,16
tile=801,320,1248,32,32,16,16
tile=802,352,1248,32,32,16,16
tile=803,384,1248,32,32,16,16
tile=804,416,1248,32,32,16,16
tile=805,448,1248,32,32,16,16
tile=806,480,1248,32,32,16,16
tile=807,512,1248,32,32,16,16
tile=808,544,1248,32,32,16,16
tile=809,576,1248,32,32,16,16
tile=810,608,1248,32,32,16,16
tile=811,0,1280,32,32,16,16
tile=812,32,1280,32,32,16,16
tile=813,64,1280,32,32,16,16
tile=814,96,1280,32,32,16,16
tile=815,128,1280,32,32,16,16
tile=816,160,1280,32,32,16,16
tile=817,192,1280,32,32,16,16
tile=818,224,1280,32,32,16,16
tile=819,256,1280,32,32,16,16
tile=820,288,1280,32,32,16,16
tile=821,320,1280,32,32,16,16
tile=822,352,1280,32,32,16,16
tile=823,384,1280,32,32,16,16
tile=824,416,1280,32,32,16,16
tile=825,448,1280,32,32,16,16
tile=826,480,1280,32,32,16,16
tile=827,512,1280,32,32,16,16
tile=828,544,1280,32,32,16,16
tile=829,576,1280,32,32,16,16
tile=830,608,1280,32,32,16,16
tile=831,0,1312,32,32,16,16
tile=832,32,1312,32,32,16,16
tile=833,64,1312,32,32,16,16
tile=834,96,1312,32,32,16,16
tile=835,128,1312,32,32,16,16
tile=836,160,1312,32,32,16,16
tile=837,192,1312,32,32,16,16
tile=838,224,1312,32,32,16,16
tile=839,256,1312,32,32,16,16
tile=840,288,1312,32,32,16,16
tile=841,320,1312,32,32,16,16
tile=842,352,1312,32,32,16,16
tile=843,384,1312,32,32,16,16
tile=844,416,1312,32,32,16,16
tile=845,448,1312,32,32,16,16
tile=846,480,1312,32,32,16,16
tile=847,512,1312,32,32,16,16
tile=848,544,1312,32,32,16,16
tile=849,576,1312,32,32,16,16
tile=850,608,1312,32,32,16,16
tile=851,0,1344,32,32,16,16
tile=852,32,1344,32,32,16,16
tile=853,64,1344,32,32,16,16
tile=854,96,1344,32,32,16,16
tile=855,128,1344,32,32,16,16
tile=856,160,1344,32,32,16,16
tile=857,192,1344,32,32,16,16
tile=858,224,1344,32,32,16,16
tile=859,256,1344,32,32,16,16
tile=860,288,1344,32,32,16,16
tile=861,320,1344,32,32,16,16
tile=862,352,1344,32,32,16,16
tile=863,384,1344,32,32,16,16
tile=864,416,1344,32,32,16,16
tile=865,448,1344,32,32,16,16
tile=866,480,1344,32,32,16,16
tile=867,512,1344,32,32,16,16
tile=868,544,1344,32,32,16,16
tile=869,576,1344,32,32,16,16
tile=870,608,1344,32,32,16,16
tile=871,0,1376,32,32,16,16
tile=872,32,1376,32,32,16,16
tile=873,64,1376,32,32,16,16
tile=874,96,1376,32,32,16,16
tile=875,128,1376,32,32,16,16
tile=876,160,1376,32,32,16,16
tile=877,192,1376,32,32,16,16
tile=878,224,1376,32,32,16,16
tile=879,256,1376,32,32,16,16
tile=880,288,1376,32,32,16,16
tile=881,320,1376,32,32,16,16
tile=882,352,1376,32,32,16,16
tile=883,384,1376,32,32,16,16
tile=884,416,1376,32,32,16,16
tile=885,448,1376,32,32,16,16
tile=886,480,1376,32,32,16,16
tile=887,512,1376,32,32,16,16
tile=888,544,1376,32,32,16,16
tile=889,576,1376,32,32,16,16
tile=890,608,1376,32,32,16,16
tile=891,0,1408,32,32,16,16
tile=892,32,1408,32,32,16,16
tile=893,64,1408,32,32,16,16
tile=894,96,1408,32,32,16,16
tile=895,128,1408,32,32,16,16
tile=896,160,1408,32,32,16,16
tile=897,192,1408,32,32,16,16
tile=898,224,1408,32,32,16,16
tile=899,256,1408,32,32,16,16
tile=900,288,1408,32,32,16,16
tile=901,320,1408,32,32,16,16
tile=902,352,1408,32,32,16,16
tile=903,384,1408,32,32,16,16
tile=904,416,1408,32,32,16,16
tile=905,448,1408,32,32,16,16
tile=906,480,1408,32,32,16,16
tile=907,512,1408,32,32,16,16
tile=908,544,1408,32,32,16,16
tile=909,576,1408,32,32,16,16
tile=910,608,1408,32,32,16,16
tile=911,0,1440,32,32,16,16
tile=912,32,1440,32,32,16,16
tile=913,64,1440,32,32,16,16
tile=914,96,1440,32,32,16,16
tile=915,128,1440,32,32,16,16
tile=916,160,1440,32,32,16,16
tile=917,192,1440,32,32,16,16
tile=918,224,1440,32,32,16,16
tile=919,256,1440,32,32,16,16
tile=920,288,1440,32,32,16,16
tile=921,320,1440,32,32,16,16
tile=922,352,1440,32,32,16,16
tile=923,384,1440,32,32,16,16
tile=924,416,1440,32,32,16,16
tile=925,448,1440,32,32,16,16
tile=926,480,1440,32,32,16,16
tile=927,512,1440,32,32,16,16
tile=928,544,1440,32,32,16,16
tile=929,576,1440,32,32,16,16
tile=930,608,1440,32,32,16,16
tile=931,0,1472,32,32,16,16
tile=932,32,1472,32,32,16,16
tile=933,64,1472,32,32,16,16
tile=934,96,1472,32,32,16,16
tile=935,128,1472,32,32,16,16
tile=936,160,1472,32,32,16,16
tile=937,192,1472,32,32,16,16
tile=938,224,1472,32,32,16,16
tile=939,256,1472,32,32,16,16
tile=940,288,1472,32,32,16,16
tile=941,320,1472,32,32,16,16
tile=942,352,1472,32,32,16,16
tile=943,384,1472,32,32,16,16
tile=944,416,1472,32,32,16,16
tile=945,448,1472,32,32,16,16
tile=946,480,1472,32,32,16,16
tile=947,512,1472,32,32,16,16
tile=948,544,1472,32,32,16,16
tile=949,576,1472,32,32,16,16
tile=950,608,1472,32,32,16,16
tile=951,0,1504,32,32,16,16
tile=952,32,1504,32,32,16,16
tile=953,64,1504,32,32,16,16
tile=954,96,1504,32,32,16,16
tile=955,128,1504,32,32,16,16
tile=956,160,1504,32,32,16,16
tile=957,192,1504,32,32,16,16
tile=958,224,1504,32,32,16,16
tile=959,256,1504,32,32,16,16
tile=960,288,1504,32,32,16,16
tile=961,320,1504,32,32,16,16
tile=962,352,1504,32,32,16,16
tile=963,384,1504,32,32,16,16
tile=964,416,1504,32,32,16,16
tile=965,448,1504,32,32,16,16
tile=966,480,1504,32,32,16,16
tile=967,512,1504,32,32,16,16
tile=968,544,1504,32,32,16,16
tile=969,576,1504,32,32,16,16
tile=970,608,1504,32,32,16,16

[tileset]
img=images/tilesets/map1.png
tile=1,16,16,32,32,16,16
tile=2,0,32,32,32,16,16
tile=3,0,64,32,32,16,16
tile=4,0,96,32,32,16,16
tile=5,0,128,32,32,16,16
tile=6,0,160,32,32,16,16
tile=7,0,192,32,32,16,16
tile=8,0,224,32,32,16,16
tile=9,0,256,32,32,16,16
tile=10,0,288,32,32,16,16
