[tileset]
img=images/tilesets/maps.png
tile=6,16,16,32,32,16,16
tile=7,32,0,32,32,16,16
tile=8,64,0,32,32,16,16
tile=9,96,0,32,32,16,16
tile=10,128,0,32,32,16,16
tile=11,160,0,32,32,16,16
tile=12,192,0,32,32,16,16
tile=13,224,0,32,32,16,16
tile=14,256,0,32,32,16,16
tile=15,288,0,32,32,16,16
tile=16,320,0,32,32,16,16
tile=17,352,0,32,32,16,16
tile=18,384,0,32,32,16,16
tile=19,416,0,32,32,16,16
tile=20,448,0,32,32,16,16
tile=21,480,0,32,32,16,16
tile=22,512,0,32,32,16,16
tile=23,544,0,32,32,16,16
tile=24,576,0,32,32,16,16
tile=25,608,0,32,32,16,16
tile=26,0,32,32,32,16,16
tile=27,32,32,32,32,16,16
tile=28,64,32,32,32,16,16
tile=29,96,32,32,32,16,16
tile=30,128,32,32,32,16,16
tile=31,160,32,32,32,16,16
tile=32,192,32,32,32,16,16
tile=33,224,32,32,32,16,16
tile=34,256,32,32,32,16,16
tile=35,288,32,32,32,16,16
tile=36,320,32,32,32,16,16
tile=37,352,32,32,32,16,16
tile=38,384,32,32,32,16,16
tile=39,416,32,32,32,16,16
tile=40,448,32,32,32,16,16
tile=41,480,32,32,32,16,16
tile=42,512,32,32,32,16,16
tile=43,544,32,32,32,16,16
tile=44,576,32,32,32,16,16
tile=45,608,32,32,32,16,16
tile=46,0,64,32,32,16,16
tile=47,32,64,32,32,16,16
tile=48,64,64,32,32,16,16
tile=49,96,64,32,32,16,16
tile=50,128,64,32,32,16,16
tile=51,160,64,32,32,16,16
tile=52,192,64,32,32,16,16
tile=53,224,64,32,32,16,16
tile=54,256,64,32,32,16,16
tile=55,288,64,32,32,16,16
tile=56,320,64,32,32,16,16
tile=57,352,64,32,32,16,16
tile=58,384,64,32,32,16,16
tile=59,416,64,32,32,16,16
tile=60,448,64,32,32,16,16
tile=61,480,64,32,32,16,16
tile=62,512,64,32,32,16,16
tile=63,544,64,32,32,16,16
tile=64,576,64,32,32,16,16
tile=65,608,64,32,32,16,16
tile=66,0,96,32,32,16,16
tile=67,32,96,32,32,16,16
tile=68,64,96,32,32,16,16
tile=69,96,96,32,32,16,16
tile=70,128,96,32,32,16,16
tile=71,160,96,32,32,16,16
tile=72,192,96,32,32,16,16
tile=73,224,96,32,32,16,16
tile=74,256,96,32,32,16,16
tile=75,288,96,32,32,16,16
tile=76,320,96,32,32,16,16
tile=77,352,96,32,32,16,16
tile=78,384,96,32,32,16,16
tile=79,416,96,32,32,16,16
tile=80,448,96,32,32,16,16
tile=81,480,96,32,32,16,16
tile=82,512,96,32,32,16,16
tile=83,544,96,32,32,16,16
tile=84,576,96,32,32,16,16
tile=85,608,96,32,32,16,16
tile=86,0,128,32,32,16,16
tile=87,32,128,32,32,16,16
tile=88,64,128,32,32,16,16
tile=89,96,128,32,32,16,16
tile=90,128,128,32,32,16,16
tile=91,160,128,32,32,16,16
tile=92,192,128,32,32,16,16
tile=93,224,128,32,32,16,16
tile=94,256,128,32,32,16,16
tile=95,288,128,32,32,16,16
tile=96,320,128,32,32,16,16
tile=97,352,128,32,32,16,16
tile=98,384,128,32,32,16,16
tile=99,416,128,32,32,16,16
tile=100,448,128,32,32,16,16
tile=101,480,128,32,32,16,16
tile=102,512,128,32,32,16,16
tile=103,544,128,32,32,16,16
tile=104,576,128,32,32,16,16
tile=105,608,128,32,32,16,16
tile=106,0,160,32,32,16,16
tile=107,32,160,32,32,16,16
tile=108,64,160,32,32,16,16
tile=109,96,160,32,32,16,16
tile=110,128,160,32,32,16,16
tile=111,160,160,32,32,16,16
tile=112,192,160,32,32,16,16
tile=113,224,160,32,32,16,16
tile=114,256,160,32,32,16,16
tile=115,288,160,32,32,16,16
tile=116,320,160,32,32,16,16
tile=117,352,160,32,32,16,16
tile=118,384,160,32,32,16,16
tile=119,416,160,32,32,16,16
tile=120,448,160,32,32,16,16
tile=121,480,160,32,32,16,16
tile=122,512,160,32,32,16,16
tile=123,544,160,32,32,16,16
tile=124,576,160,32,32,16,16
tile=125,608,160,32,32,16,16
tile=126,0,192,32,32,16,16
tile=127,32,192,32,32,16,16
tile=128,64,192,32,32,16,16
tile=129,96,192,32,32,16,16
tile=130,128,192,32,32,16,16
tile=131,160,192,32,32,16,16
tile=132,192,192,32,32,16,16
tile=133,224,192,32,32,16,16
tile=134,256,192,32,32,16,16
tile=135,288,192,32,32,16,16
tile=136,320,192,32,32,16,16
tile=137,352,192,32,32,16,16
tile=138,384,192,32,32,16,16
tile=139,416,192,32,32,16,16
tile=140,448,192,32,32,16,16
tile=141,480,192,32,32,16,16
tile=142,512,192,32,32,16,16
tile=143,544,192,32,32,16,16
tile=144,576,192,32,32,16,16
tile=145,608,192,32,32,16,16
tile=146,0,224,32,32,16,16
tile=147,32,224,32,32,16,16
tile=148,64,224,32,32,16,16
tile=149,96,224,32,32,16,16
tile=150,128,224,32,32,16,16
tile=151,160,224,32,32,16,16
tile=152,192,224,32,32,16,16
tile=153,224,224,32,32,16,16
tile=154,256,224,32,32,16,16
tile=155,288,224,32,32,16,16
tile=156,320,224,32,32,16,16
tile=157,352,224,32,32,16,16
tile=158,384,224,32,32,16,16
tile=159,416,224,32,32,16,16
tile=160,448,224,32,32,16,16
tile=161,480,224,32,32,16,16
tile=162,512,224,32,32,16,16
tile=163,544,224,32,32,16,16
tile=164,576,224,32,32,16,16
tile=165,608,224,32,32,16,16
tile=166,0,256,32,32,16,16
tile=167,32,256,32,32,16,16
tile=168,64,256,32,32,16,16
tile=169,96,256,32,32,16,16
tile=170,128,256,32,32,16,16
tile=171,160,256,32,32,16,16
tile=172,192,256,32,32,16,16
tile=173,224,256,32,32,16,16
tile=174,256,256,32,32,16,16
tile=175,288,256,32,32,16,16
tile=176,320,256,32,32,16,16
tile=177,352,256,32,32,16,16
tile=178,384,256,32,32,16,16
tile=179,416,256,32,32,16,16
tile=180,448,256,32,32,16,16
tile=181,480,256,32,32,16,16
tile=182,512,256,32,32,16,16
tile=183,544,256,32,32,16,16
tile=184,576,256,32,32,16,16
tile=185,608,256,32,32,16,16
tile=186,0,288,32,32,16,16
tile=187,32,288,32,32,16,16
tile=188,64,288,32,32,16,16
tile=189,96,288,32,32,16,16
tile=190,128,288,32,32,16,16
tile=191,160,288,32,32,16,16
tile=192,192,288,32,32,16,16
tile=193,224,288,32,32,16,16
tile=194,256,288,32,32,16,16
tile=195,288,288,32,32,16,16
tile=196,320,288,32,32,16,16
tile=197,352,288,32,32,16,16
tile=198,384,288,32,32,16,16
tile=199,416,288,32,32,16,16
tile=200,448,288,32,32,16,16
tile=201,480,288,32,32,16,16
tile=202,512,288,32,32,16,16
tile=203,544,288,32,32,16,16
tile=204,576,288,32,32,16,16
tile=205,608,288,32,32,16,16
tile=206,0,320,32,32,16,16
tile=207,32,320,32,32,16,16
tile=208,64,320,32,32,16,16
tile=209,96,320,32,32,16,16
tile=210,128,320,32,32,16,16
tile=211,160,320,32,32,16,16
tile=212,192,320,32,32,16,16
tile=213,224,320,32,32,16,16
tile=214,256,320,32,32,16,16
tile=215,288,320,32,32,16,16
tile=216,320,320,32,32,16,16
tile=217,352,320,32,32,16,16
tile=218,384,320,32,32,16,16
tile=219,416,320,32,32,16,16
tile=220,448,320,32,32,16,16
tile=221,480,320,32,32,16,16
tile=222,512,320,32,32,16,16
tile=223,544,320,32,32,16,16
tile=224,576,320,32,32,16,16
tile=225,608,320,32,32,16,16
tile=226,0,352,32,32,16,16
tile=227,32,352,32,32,16,16
tile=228,64,352,32,32,16,16
tile=229,96,352,32,32,16,16
tile=230,128,352,32,32,16,16
tile=231,160,352,32,32,16,16
tile=232,192,352,32,32,16,16
tile=233,224,352,32,32,16,16
tile=234,256,352,32,32,16,16
tile=235,288,352,32,32,16,16
tile=236,320,352,32,32,16,16
tile=237,352,352,32,32,16,16
tile=238,384,352,32,32,16,16
tile=239,416,352,32,32,16,16
tile=240,448,352,32,32,16,16
tile=241,480,352,32,32,16,16
tile=242,512,352,32,32,16,16
tile=243,544,352,32,32,16,16
tile=244,576,352,32,32,16,16
tile=245,608,352,32,32,16,16
tile=246,0,384,32,32,16,16
tile=247,32,384,32,32,16,16
tile=248,64,384,32,32,16,16
tile=249,96,384,32,32,16,16
tile=250,128,384,32,32,16,16
tile=251,160,384,32,32,16,16
tile=252,192,384,32,32,16,16
tile=253,224,384,32,32,16,16
tile=254,256,384,32,32,16,16
tile=255,288,384,32,32,16,16
tile=256,320,384,32,32,16,16
tile=257,352,384,32,32,16,16
tile=258,384,384,32,32,16,16
tile=259,416,384,32,32,16,16
tile=260,448,384,32,32,16,16
tile=261,480,384,32,32,16,16
tile=262,512,384,32,32,16,16
tile=263,544,384,32,32,16,16
tile=264,576,384,32,32,16,16
tile=265,608,384,32,32,16,16
tile=266,0,416,32,32,16,16
tile=267,32,416,32,32,16,16
tile=268,64,416,32,32,16,16
tile=269,96,416,32,32,16,16
tile=270,128,416,32,32,16,16
tile=271,160,416,32,32,16,16
tile=272,192,416,32,32,16,16
tile=273,224,416,32,32,16,16
tile=274,256,416,32,32,16,16
tile=275,288,416,32,32,16,16
tile=276,320,416,32,32,16,16
tile=277,352,416,32,32,16,16
tile=278,384,416,32,32,16,16
tile=279,416,416,32,32,16,16
tile=280,448,416,32,32,16,16
tile=281,480,416,32,32,16,16
tile=282,512,416,32,32,16,16
tile=283,544,416,32,32,16,16
tile=284,576,416,32,32,16,16
tile=285,608,416,32,32,16,16
tile=286,0,448,32,32,16,16
tile=287,32,448,32,32,16,16
tile=288,64,448,32,32,16,16
tile=289,96,448,32,32,16,16
tile=290,128,448,32,32,16,16
tile=291,160,448,32,32,16,16
tile=292,192,448,32,32,16,16
tile=293,224,448,32,32,16,16
tile=294,256,448,32,32,16,16
tile=295,288,448,32,32,16,16
tile=296,320,448,32,32,16,16
tile=297,352,448,32,32,16,16
tile=298,384,448,32,32,16,16
tile=299,416,448,32,32,16,16
tile=300,448,448,32,32,16,16
tile=301,480,448,32,32,16,16
tile=302,512,448,32,32,16,16
tile=303,544,448,32,32,16,16
tile=304,576,448,32,32,16,16
tile=305,608,448,32,32,16,16
tile=306,0,480,32,32,16,16
tile=307,32,480,32,32,16,16
tile=308,64,480,32,32,16,16
tile=309,96,480,32,32,16,16
tile=310,128,480,32,32,16,16
tile=311,160,480,32,32,16,16
tile=312,192,480,32,32,16,16
tile=313,224,480,32,32,16,16
tile=314,256,480,32,32,16,16
tile=315,288,480,32,32,16,16
tile=316,320,480,32,32,16,16
tile=317,352,480,32,32,16,16
tile=318,384,480,32,32,16,16
tile=319,416,480,32,32,16,16
tile=320,448,480,32,32,16,16
tile=321,480,480,32,32,16,16
tile=322,512,480,32,32,16,16
tile=323,544,480,32,32,16,16
tile=324,576,480,32,32,16,16
tile=325,608,480,32,32,16,16
tile=326,0,512,32,32,16,16
tile=327,32,512,32,32,16,16
tile=328,64,512,32,32,16,16
tile=329,96,512,32,32,16,16
tile=330,128,512,32,32,16,16
tile=331,160,512,32,32,16,16
tile=332,192,512,32,32,16,16
tile=333,224,512,32,32,16,16
tile=334,256,512,32,32,16,16
tile=335,288,512,32,32,16,16
tile=336,320,512,32,32,16,16
tile=337,352,512,32,32,16,16
tile=338,384,512,32,32,16,16
tile=339,416,512,32,32,16,16
tile=340,448,512,32,32,16,16
tile=341,480,512,32,32,16,16
tile=342,512,512,32,32,16,16
tile=343,544,512,32,32,16,16
tile=344,576,512,32,32,16,16
tile=345,608,512,32,32,16,16
tile=346,0,544,32,32,16,16
tile=347,32,544,32,32,16,16
tile=348,64,544,32,32,16,16
tile=349,96,544,32,32,16,16
tile=350,128,544,32,32,16,16
tile=351,160,544,32,32,16,16
tile=352,192,544,32,32,16,16
tile=353,224,544,32,32,16,16
tile=354,256,544,32,32,16,16
tile=355,288,544,32,32,16,16
tile=356,320,544,32,32,16,16
tile=357,352,544,32,32,16,16
tile=358,384,544,32,32,16,16
tile=359,416,544,32,32,16,16
tile=360,448,544,32,32,16,16
tile=361,480,544,32,32,16,16
tile=362,512,544,32,32,16,16
tile=363,544,544,32,32,16,16
tile=364,576,544,32,32,16,16
tile=365,608,544,32,32,16,16
tile=366,0,576,32,32,16,16
tile=367,32,576,32,32,16,16
tile=368,64,576,32,32,16,16
tile=369,96,576,32,32,16,16
tile=370,128,576,32,32,16,16
tile=371,160,576,32,32,16,16
tile=372,192,576,32,32,16,16
tile=373,224,576,32,32,16,16
tile=374,256,576,32,32,16,16
tile=375,288,576,32,32,16,16
tile=376,320,576,32,32,16,16
tile=377,352,576,32,32,16,16
tile=378,384,576,32,32,16,16
tile=379,416,576,32,32,16,16
tile=380,448,576,32,32,16,16
tile=381,480,576,32,32,16,16
tile=382,512,576,32,32,16,16
tile=383,544,576,32,32,16,16
tile=384,576,576,32,32,16,16
tile=385,608,576,32,32,16,16
tile=386,0,608,32,32,16,16
tile=387,32,608,32,32,16,16
tile=388,64,608,32,32,16,16
tile=389,96,608,32,32,16,16
tile=390,128,608,32,32,16,16
tile=391,160,608,32,32,16,16
tile=392,192,608,32,32,16,16
tile=393,224,608,32,32,16,16
tile=394,256,608,32,32,16,16
tile=395,288,608,32,32,16,16
tile=396,320,608,32,32,16,16
tile=397,352,608,32,32,16,16
tile=398,384,608,32,32,16,16
tile=399,416,608,32,32,16,16
tile=400,448,608,32,32,16,16
tile=401,480,608,32,32,16,16
tile=402,512,608,32,32,16,16
tile=403,544,608,32,32,16,16
tile=404,576,608,32,32,16,16
tile=405,608,608,32,32,16,16
tile=406,0,640,32,32,16,16
tile=407,32,640,32,32,16,16
tile=408,64,640,32,32,16,16
tile=409,96,640,32,32,16,16
tile=410,128,640,32,32,16,16
tile=411,160,640,32,32,16,16
tile=412,192,640,32,32,16,16
tile=413,224,640,32,32,16,16
tile=414,256,640,32,32,16,16
tile=415,288,640,32,32,16,16
tile=416,320,640,32,32,16,16
tile=417,352,640,32,32,16,16
tile=418,384,640,32,32,16,16
tile=419,416,640,32,32,16,16
tile=420,448,640,32,32,16,16
tile=421,480,640,32,32,16,16
tile=422,512,640,32,32,16,16
tile=423,544,640,32,32,16,16
tile=424,576,640,32,32,16,16
tile=425,608,640,32,32,16,16
tile=426,0,672,32,32,16,16
tile=427,32,672,32,32,16,16
tile=428,64,672,32,32,16,16
tile=429,96,672,32,32,16,16
tile=430,128,672,32,32,16,16
tile=431,160,672,32,32,16,16
tile=432,192,672,32,32,16,16
tile=433,224,672,32,32,16,16
tile=434,256,672,32,32,16,16
tile=435,288,672,32,32,16,16
tile=436,320,672,32,32,16,16
tile=437,352,672,32,32,16,16
tile=438,384,672,32,32,16,16
tile=439,416,672,32,32,16,16
tile=440,448,672,32,32,16,16
tile=441,480,672,32,32,16,16
tile=442,512,672,32,32,16,16
tile=443,544,672,32,32,16,16
tile=444,576,672,32,32,16,16
tile=445,608,672,32,32,16,16
tile=446,0,704,32,32,16,16
tile=447,32,704,32,32,16,16
tile=448,64,704,32,32,16,16
tile=449,96,704,32,32,16,16
tile=450,128,704,32,32,16,16
tile=451,160,704,32,32,16,16
tile=452,192,704,32,32,16,16
tile=453,224,704,32,32,16,16
tile=454,256,704,32,32,16,16
tile=455,288,704,32,32,16,16
tile=456,320,704,32,32,16,16
tile=457,352,704,32,32,16,16
tile=458,384,704,32,32,16,16
tile=459,416,704,32,32,16,16
tile=460,448,704,32,32,16,16
tile=461,480,704,32,32,16,16
tile=462,512,704,32,32,16,16
tile=463,544,704,32,32,16,16
tile=464,576,704,32,32,16,16
tile=465,608,704,32,32,16,16
tile=466,0,736,32,32,16,16
tile=467,32,736,32,32,16,16
tile=468,64,736,32,32,16,16
tile=469,96,736,32,32,16,16
tile=470,128,736,32,32,16,16
tile=471,160,736,32,32,16,16
tile=472,192,736,32,32,16,16
tile=473,224,736,32,32,16,16
tile=474,256,736,32,32,16,16
tile=475,288,736,32,32,16,16
tile=476,320,736,32,32,16,16
tile=477,352,736,32,32,16,16
tile=478,384,736,32,32,16,16
tile=479,416,736,32,32,16,16
tile=480,448,736,32,32,16,16
tile=481,480,736,32,32,16,16
tile=482,512,736,32,32,16,16
tile=483,544,736,32,32,16,16
tile=484,576,736,32,32,16,16
tile=485,608,736,32,32,16,16
tile=486,0,768,32,32,16,16
tile=487,32,768,32,32,16,16
tile=488,64,768,32,32,16,16
tile=489,96,768,32,32,16,16
tile=490,128,768,32,32,16,16
tile=491,160,768,32,32,16,16
tile=492,192,768,32,32,16,16
tile=493,224,768,32,32,16,16
tile=494,256,768,32,32,16,16
tile=495,288,768,32,32,16,16
tile=496,320,768,32,32,16,16
tile=497,352,768,32,32,16,16
tile=498,384,768,32,32,16,16
tile=499,416,768,32,32,16,16
tile=500,448,768,32,32,16,16
tile=501,480,768,32,32,16,16
tile=502,512,768,32,32,16,16
tile=503,544,768,32,32,16,16
tile=504,576,768,32,32,16,16
tile=505,608,768,32,32,16,16
tile=506,0,800,32,32,16,16
tile=507,32,800,32,32,16,16
tile=508,64,800,32,32,16,16
tile=509,96,800,32,32,16,16
tile=510,128,800,32,32,16,16
tile=511,160,800,32,32,16,16
tile=512,192,800,32,32,16,16
tile=513,224,800,32,32,16,16
tile=514,256,800,32,32,16,16
tile=515,288,800,32,32,16,16
tile=516,320,800,32,32,16,16
tile=517,352,800,32,32,16,16
tile=518,384,800,32,32,16,16
tile=519,416,800,32,32,16,16
tile=520,448,800,32,32,16,16
tile=521,480,800,32,32,16,16
tile=522,512,800,32,32,16,16
tile=523,544,800,32,32,16,16
tile=524,576,800,32,32,16,16
tile=525,608,800,32,32,16,16
tile=526,0,832,32,32,16,16
tile=527,32,832,32,32,16,16
tile=528,64,832,32,32,16,16
tile=529,96,832,32,32,16,16
tile=530,128,832,32,32,16,16
tile=531,160,832,32,32,16,16
tile=532,192,832,32,32,16,16
tile=533,224,832,32,32,16,16
tile=534,256,832,32,32,16,16
tile=535,288,832,32,32,16,16
tile=536,320,832,32,32,16,16
tile=537,352,832,32,32,16,16
tile=538,384,832,32,32,16,16
tile=539,416,832,32,32,16,16
tile=540,448,832,32,32,16,16
tile=541,480,832,32,32,16,16
tile=542,512,832,32,32,16,16
tile=543,544,832,32,32,16,16
tile=544,576,832,32,32,16,16
tile=545,608,832,32,32,16,16
tile=546,0,864,32,32,16,16
tile=547,32,864,32,32,16,16
tile=548,64,864,32,32,16,16
tile=549,96,864,32,32,16,16
tile=550,128,864,32,32,16,16
tile=551,160,864,32,32,16,16
tile=552,192,864,32,32,16,16
tile=553,224,864,32,32,16,16
tile=554,256,864,32,32,16,16
tile=555,288,864,32,32,16,16
tile=556,320,864,32,32,16,16
tile=557,352,864,32,32,16,16
tile=558,384,864,32,32,16,16
tile=559,416,864,32,32,16,16
tile=560,448,864,32,32,16,16
tile=561,480,864,32,32,16,16
tile=562,512,864,32,32,16,16
tile=563,544,864,32,32,16,16
tile=564,576,864,32,32,16,16
tile=565,608,864,32,32,16,16
tile=566,0,896,32,32,16,16
tile=567,32,896,32,32,16,16
tile=568,64,896,32,32,16,16
tile=569,96,896,32,32,16,16
tile=570,128,896,32,32,16,16
tile=571,160,896,32,32,16,16
tile=572,192,896,32,32,16,16
tile=573,224,896,32,32,16,16
tile=574,256,896,32,32,16,16
tile=575,288,896,32,32,16,16
tile=576,320,896,32,32,16,16
tile=577,352,896,32,32,16,16
tile=578,384,896,32,32,16,16
tile=579,416,896,32,32,16,16
tile=580,448,896,32,32,16,16
tile=581,480,896,32,32,16,16
tile=582,512,896,32,32,16,16
tile=583,544,896,32,32,16,16
tile=584,576,896,32,32,16,16
tile=585,608,896,32,32,16,16
tile=586,0,928,32,32,16,16
tile=587,32,928,32,32,16,16
tile=588,64,928,32,32,16,16
tile=589,96,928,32,32,16,16
tile=590,128,928,32,32,16,16
tile=591,160,928,32,32,16,16
tile=592,192,928,32,32,16,16
tile=593,224,928,32,32,16,16
tile=594,256,928,32,32,16,16
tile=595,288,928,32,32,16,16
tile=596,320,928,32,32,16,16
tile=597,352,928,32,32,16,16
tile=598,384,928,32,32,16,16
tile=599,416,928,32,32,16,16
tile=600,448,928,32,32,16,16
tile=601,480,928,32,32,16,16
tile=602,512,928,32,32,16,16
tile=603,544,928,32,32,16,16
tile=604,576,928,32,32,16,16
tile=605,608,928,32,32,16,16
tile=606,0,960,32,32,16,16
tile=607,32,960,32,32,16,16
tile=608,64,960,32,32,16,16
tile=609,96,960,32,32,16,16
tile=610,128,960,32,32,16,16
tile=611,160,960,32,32,16,16
tile=612,192,960,32,32,16,16
tile=613,224,960,32,32,16,16
tile=614,256,960,32,32,16,16
tile=615,288,960,32,32,16,16
tile=616,320,960,32,32,16,16
tile=617,352,960,32,32,16,16
tile=618,384,960,32,32,16,16
tile=619,416,960,32,32,16,16
tile=620,448,960,32,32,16,16
tile=621,480,960,32,32,16,16
tile=622,512,960,32,32,16,16
tile=623,544,960,32,32,16,16
tile=624,576,960,32,32,16,16
tile=625,608,960,32,32,16,16
tile=626,0,992,32,32,16,16
tile=627,32,992,32,32,16,16
tile=628,64,992,32,32,16,16
tile=629,96,992,32,32,16,16
tile=630,128,992,32,32,16,16
tile=631,160,992,32,32,16,16
tile=632,192,992,32,32,16,16
tile=633,224,992,32,32,16,16
tile=634,256,992,32,32,16,16
tile=635,288,992,32,32,16,16
tile=636,320,992,32,32,16,16
tile=637,352,992,32,32,16,16
tile=638,384,992,32,32,16,16
tile=639,416,992,32,32,16,16
tile=640,448,992,32,32,16,16
tile=641,480,992,32,32,16,16
tile=642,512,992,32,32,16,16
tile=643,544,992,32,32,16,16
tile=644,576,992,32,32,16,16
tile=645,608,992,32,32,16,16
tile=646,0,1024,32,32,16,16
tile=647,32,1024,32,32,16,16
tile=648,64,1024,32,32,16,16
tile=649,96,1024,32,32,16,16
tile=650,128,1024,32,32,16,16
tile=651,160,1024,32,32,16,16
tile=652,192,1024,32,32,16,16
tile=653,224,1024,32,32,16,16
tile=654,256,1024,32,32,16,16
tile=655,288,1024,32,32,16,16
tile=656,320,1024,32,32,16,16
tile=657,352,1024,32,32,16,16
tile=658,384,1024,32,32,16,16
tile=659,416,1024,32,32,16,16
tile=660,448,1024,32,32,16,16
tile=661,480,1024,32,32,16,16
tile=662,512,1024,32,32,16,16
tile=663,544,1024,32,32,16,16
tile=664,576,1024,32,32,16,16
tile=665,608,1024,32,32,16,16
tile=666,0,1056,32,32,16,16
tile=667,32,1056,32,32,16,16
tile=668,64,1056,32,32,16,16
tile=669,96,1056,32,32,16,16
tile=670,128,1056,32,32,16,16
tile=671,160,1056,32,32,16,16
tile=672,192,1056,32,32,16,16
tile=673,224,1056,32,32,16,16
tile=674,256,1056,32,32,16,16
tile=675,288,1056,32,32,16,16
tile=676,320,1056,32,32,16,16
tile=677,352,1056,32,32,16,16
tile=678,384,1056,32,32,16,16
tile=679,416,1056,32,32,16,16
tile=680,448,1056,32,32,16,16
tile=681,480,1056,32,32,16,16
tile=682,512,1056,32,32,16,16
tile=683,544,1056,32,32,16,16
tile=684,576,1056,32,32,16,16
tile=685,608,1056,32,32,16,16
tile=686,0,1088,32,32,16,16
tile=687,32,1088,32,32,16,16
tile=688,64,1088,32,32,16,16
tile=689,96,1088,32,32,16,16
tile=690,128,1088,32,32,16,16
tile=691,160,1088,32,32,16,16
tile=692,192,1088,32,32,16,16
tile=693,224,1088,32,32,16,16
tile=694,256,1088,32,32,16,16
tile=695,288,1088,32,32,16,16
tile=696,320,1088,32,32,16,16
tile=697,352,1088,32,32,16,16
tile=698,384,1088,32,32,16,16
tile=699,416,1088,32,32,16,16
tile=700,448,1088,32,32,16,16
tile=701,480,1088,32,32,16,16
tile=702,512,1088,32,32,16,16
tile=703,544,1088,32,32,16,16
tile=704,576,1088,32,32,16,16
tile=705,608,1088,32,32,16,16
tile=706,0,1120,32,32,16,16
tile=707,32,1120,32,32,16,16
tile=708,64,1120,32,32,16,16
tile=709,96,1120,32,32,16,16
tile=710,128,1120,32,32,16,16
tile=711,160,1120,32,32,16,16
tile=712,192,1120,32,32,16,16
tile=713,224,1120,32,32,16,16
tile=714,256,1120,32,32,16,16
tile=715,288,1120,32,32,16,16
tile=716,320,1120,32,32,16,16
tile=717,352,1120,32,32,16,16
tile=718,384,1120,32,32,16,16
tile=719,416,1120,32,32,16,16
tile=720,448,1120,32,32,16,16
tile=721,480,1120,32,32,16,16
tile=722,512,1120,32,32,16,16
tile=723,544,1120,32,32,16,16
tile=724,576,1120,32,32,16,16
tile=725,608,1120,32,32,16,16
tile=726,0,1152,32,32,16,16
tile=727,32,1152,32,32,16,16
tile=728,64,1152,32,32,16,16
tile=729,96,1152,32,32,16,16
tile=730,128,1152,32,32,16,16
tile=731,160,1152,32,32,16,16
tile=732,192,1152,32,32,16,16
tile=733,224,1152,32,32,16,16
tile=734,256,1152,32,32,16,16
tile=735,288,1152,32,32,16,16
tile=736,320,1152,32,32,16,16
tile=737,352,1152,32,32,16,16
tile=738,384,1152,32,32,16,16
tile=739,416,1152,32,32,16,16
tile=740,448,1152,32,32,16,16
tile=741,480,1152,32,32,16,16
tile=742,512,1152,32,32,16,16
tile=743,544,1152,32,32,16,16
tile=744,576,1152,32,32,16,16
tile=745,608,1152,32,32,16,16
tile=746,0,1184,32,32,16,16
tile=747,32,1184,32,32,16,16
tile=748,64,1184,32,32,16,16
tile=749,96,1184,32,32,16,16
tile=750,128,1184,32,32,16,16
tile=751,160,1184,32,32,16,16
tile=752,192,1184,32,32,16,16
tile=753,224,1184,32,32,16,16
tile=754,256,1184,32,32,16,16
tile=755,288,1184,32,32,16,16
tile=756,320,1184,32,32,16,16
tile=757,352,1184,32,32,16,16
tile=758,384,1184,32,32,16,16
tile=759,416,1184,32,32,16,16
tile=760,448,1184,32,32,16,16
tile=761,480,1184,32,32,16,16
tile=762,512,1184,32,32,16,16
tile=763,544,1184,32,32,16,16
tile=764,576,1184,32,32,16,16
tile=765,608,1184,32,32,16,16
tile=766,0,1216,32,32,16,16
tile=767,32,1216,32,32,16,16
tile=768,64,1216,32,32,16,16
tile=769,96,1216,32,32,16,16
tile=770,128,1216,32,32,16,16
tile=771,160,1216,32,32,16,16
tile=772,192,1216,32,32,16,16
tile=773,224,1216,32,32,16,16
tile=774,256,1216,32,32,16,16
tile=775,288,1216,32,32,16,16
tile=776,320,1216,32,32,16,16
tile=777,352,1216,32,32,16,16
tile=778,384,1216,32,32,16,16
tile=779,416,1216,32,32,16,16
tile=780,448,1216,32,32,16,16
tile=781,480,1216,32,32,16,16
tile=782,512,1216,32,32,16,16
tile=783,544,1216,32,32,16,16
tile=784,576,1216,32,32,16,16
tile=785,608,1216,32,32,16,16
tile=786,0,1248,32,32,16,16
tile=787,32,1248,32,32,16,16
tile=788,64,1248,32,32,16,16
tile=789,96,1248,32,32,16,16
tile=790,128,1248,32,32,16,16
tile=791,160,1248,32,32,16,16
tile=792,192,1248,32,32,16,16
tile=793,224,1248,32,32,16,16
tile=794,256,1248,32,32,16,16
tile=795,288,1248,32,32,16,16
tile=796,320,1248,32,32,16,16
tile=797,352,1248,32,32,16,16
tile=798,384,1248,32,32,16,16
tile=799,416,1248,32,32,16,16
tile=800,448,1248,32,32,16,16
tile=801,480,1248,32,32,16,16
tile=802,512,1248,32,32,16,16
tile=803,544,1248,32,32,16,16
tile=804,576,1248,32,32,16,16
tile=805,608,1248,32,32,16,16
tile=806,0,1280,32,32,16,16
tile=807,32,1280,32,32,16,16
tile=808,64,1280,32,32,16,16
tile=809,96,1280,32,32,16,16
tile=810,128,1280,32,32,16,16
tile=811,160,1280,32,32,16,16
tile=812,192,1280,32,32,16,16
tile=813,224,1280,32,32,16,16
tile=814,256,1280,32,32,16,16
tile=815,288,1280,32,32,16,16
tile=816,320,1280,32,32,16,16
tile=817,352,1280,32,32,16,16
tile=818,384,1280,32,32,16,16
tile=819,416,1280,32,32,16,16
tile=820,448,1280,32,32,16,16
tile=821,480,1280,32,32,16,16
tile=822,512,1280,32,32,16,16
tile=823,544,1280,32,32,16,16
tile=824,576,1280,32,32,16,16
tile=825,608,1280,32,32,16,16
tile=826,0,1312,32,32,16,16
tile=827,32,1312,32,32,16,16
tile=828,64,1312,32,32,16,16
tile=829,96,1312,32,32,16,16
tile=830,128,1312,32,32,16,16
tile=831,160,1312,32,32,16,16
tile=832,192,1312,32,32,16,16
tile=833,224,1312,32,32,16,16
tile=834,256,1312,32,32,16,16
tile=835,288,1312,32,32,16,16
tile=836,320,1312,32,32,16,16
tile=837,352,1312,32,32,16,16
tile=838,384,1312,32,32,16,16
tile=839,416,1312,32,32,16,16
tile=840,448,1312,32,32,16,16
tile=841,480,1312,32,32,16,16
tile=842,512,1312,32,32,16,16
tile=843,544,1312,32,32,16,16
tile=844,576,1312,32,32,16,16
tile=845,608,1312,32,32,16,16
tile=846,0,1344,32,32,16,16
tile=847,32,1344,32,32,16,16
tile=848,64,1344,32,32,16,16
tile=849,96,1344,32,32,16,16
tile=850,128,1344,32,32,16,16
tile=851,160,1344,32,32,16,16
tile=852,192,1344,32,32,16,16
tile=853,224,1344,32,32,16,16
tile=854,256,1344,32,32,16,16
tile=855,288,1344,32,32,16,16
tile=856,320,1344,32,32,16,16
tile=857,352,1344,32,32,16,16
tile=858,384,1344,32,32,16,16
tile=859,416,1344,32,32,16,16
tile=860,448,1344,32,32,16,16
tile=861,480,1344,32,32,16,16
tile=862,512,1344,32,32,16,16
tile=863,544,1344,32,32,16,16
tile=864,576,1344,32,32,16,16
tile=865,608,1344,32,32,16,16
tile=866,0,1376,32,32,16,16
tile=867,32,1376,32,32,16,16
tile=868,64,1376,32,32,16,16
tile=869,96,1376,32,32,16,16
tile=870,128,1376,32,32,16,16
tile=871,160,1376,32,32,16,16
tile=872,192,1376,32,32,16,16
tile=873,224,1376,32,32,16,16
tile=874,256,1376,32,32,16,16
tile=875,288,1376,32,32,16,16
tile=876,320,1376,32,32,16,16
tile=877,352,1376,32,32,16,16
tile=878,384,1376,32,32,16,16
tile=879,416,1376,32,32,16,16
tile=880,448,1376,32,32,16,16
tile=881,480,1376,32,32,16,16
tile=882,512,1376,32,32,16,16
tile=883,544,1376,32,32,16,16
tile=884,576,1376,32,32,16,16
tile=885,608,1376,32,32,16,16
tile=886,0,1408,32,32,16,16
tile=887,32,1408,32,32,16,16
tile=888,64,1408,32,32,16,16
tile=889,96,1408,32,32,16,16
tile=890,128,1408,32,32,16,16
tile=891,160,1408,32,32,16,16
tile=892,192,1408,32,32,16,16
tile=893,224,1408,32,32,16,16
tile=894,256,1408,32,32,16,16
tile=895,288,1408,32,32,16,16
tile=896,320,1408,32,32,16,16
tile=897,352,1408,32,32,16,16
tile=898,384,1408,32,32,16,16
tile=899,416,1408,32,32,16,16
tile=900,448,1408,32,32,16,16
tile=901,480,1408,32,32,16,16
tile=902,512,1408,32,32,16,16
tile=903,544,1408,32,32,16,16
tile=904,576,1408,32,32,16,16
tile=905,608,1408,32,32,16,16
tile=906,0,1440,32,32,16,16
tile=907,32,1440,32,32,16,16
tile=908,64,1440,32,32,16,16
tile=909,96,1440,32,32,16,16
tile=910,128,1440,32,32,16,16
tile=911,160,1440,32,32,16,16
tile=912,192,1440,32,32,16,16
tile=913,224,1440,32,32,16,16
tile=914,256,1440,32,32,16,16
tile=915,288,1440,32,32,16,16
tile=916,320,1440,32,32,16,16
tile=917,352,1440,32,32,16,16
tile=918,384,1440,32,32,16,16
tile=919,416,1440,32,32,16,16
tile=920,448,1440,32,32,16,16
tile=921,480,1440,32,32,16,16
tile=922,512,1440,32,32,16,16
tile=923,544,1440,32,32,16,16
tile=924,576,1440,32,32,16,16
tile=925,608,1440,32,32,16,16
tile=926,0,1472,32,32,16,16
tile=927,32,1472,32,32,16,16
tile=928,64,1472,32,32,16,16
tile=929,96,1472,32,32,16,16
tile=930,128,1472,32,32,16,16
tile=931,160,1472,32,32,16,16
tile=932,192,1472,32,32,16,16
tile=933,224,1472,32,32,16,16
tile=934,256,1472,32,32,16,16
tile=935,288,1472,32,32,16,16
tile=936,320,1472,32,32,16,16
tile=937,352,1472,32,32,16,16
tile=938,384,1472,32,32,16,16
tile=939,416,1472,32,32,16,16
tile=940,448,1472,32,32,16,16
tile=941,480,1472,32,32,16,16
tile=942,512,1472,32,32,16,16
tile=943,544,1472,32,32,16,16
tile=944,576,1472,32,32,16,16
tile=945,608,1472,32,32,16,16
tile=946,0,1504,32,32,16,16
tile=947,32,1504,32,32,16,16
tile=948,64,1504,32,32,16,16
tile=949,96,1504,32,32,16,16
tile=950,128,1504,32,32,16,16
tile=951,160,1504,32,32,16,16
tile=952,192,1504,32,32,16,16
tile=953,224,1504,32,32,16,16
tile=954,256,1504,32,32,16,16
tile=955,288,1504,32,32,16,16
tile=956,320,1504,32,32,16,16
tile=957,352,1504,32,32,16,16
tile=958,384,1504,32,32,16,16
tile=959,416,1504,32,32,16,16
tile=960,448,1504,32,32,16,16
tile=961,480,1504,32,32,16,16
tile=962,512,1504,32,32,16,16
tile=963,544,1504,32,32,16,16
tile=964,576,1504,32,32,16,16
tile=965,608,1504,32,32,16,16

[tileset]
img=images/tilesets/PLAYER.png
tile=1028,16,16,32,48,16,16
tile=1029,32,0,32,48,16,16
tile=1030,64,0,32,48,16,16
tile=1031,0,48,32,48,16,16
tile=1032,32,48,32,48,16,16
tile=1033,64,48,32,48,16,16
tile=1034,0,96,32,48,16,16
tile=1035,32,96,32,48,16,16
tile=1036,64,96,32,48,16,16
tile=1037,0,144,32,48,16,16
tile=1038,32,144,32,48,16,16
tile=1039,64,144,32,48,16,16
